0 0.80859375 0.443359375 0.021484375 0.029296875
0 0.9140625 0.455078125 0.02734375 0.072265625
0 0.94921875 0.4609375 0.021484375 0.06640625
0 0.75 0.462890625 0.0546875 0.09765625
0 0.853515625 0.46484375 0.037109375 0.068359375
0 0.88671875 0.474609375 0.025390625 0.064453125
0 0.599609375 0.5 0.02734375 0.125
0 0.681640625 0.501953125 0.025390625 0.12890625
0 0.6484375 0.50390625 0.02734375 0.103515625
0 0.625 0.51171875 0.0078125 0.08203125
0 0.716796875 0.51171875 0.03125 0.11328125
0 0.982421875 0.515625 0.029296875 0.154296875
0 0.80078125 0.51953125 0.04296875 0.123046875
0 0.83984375 0.53125 0.02734375 0.0859375
0 0.935546875 0.544921875 0.046875 0.08203125
0 0.76953125 0.546875 0.03125 0.056640625
0 0.8828125 0.55078125 0.041015625 0.08203125
0 0.712890625 0.556640625 0.021484375 0.03125