0 0.376953125 0.22265625 0.033203125 0.029296875
0 0.3671875 0.1171875 0.078125 0.044921875
0 0.3671875 0.08203125 0.0703125 0.037109375
0 0.40625 0.27734375 0.107421875 0.078125
0 0.388671875 0.17578125 0.076171875 0.0546875
0 0.392578125 0.140625 0.068359375 0.0390625
0 0.47265625 0.419921875 0.12890625 0.056640625
0 0.458984375 0.33984375 0.1328125 0.056640625
0 0.466796875 0.369140625 0.107421875 0.052734375
0 0.48046875 0.39453125 0.08203125 0.02734375
0 0.462890625 0.30078125 0.1171875 0.05859375
0 0.4140625 0.04296875 0.158203125 0.0625
0 0.451171875 0.21875 0.130859375 0.07421875
0 0.45703125 0.177734375 0.091796875 0.048828125
0 0.453125 0.080078125 0.08984375 0.06640625
0 0.486328125 0.244140625 0.0625 0.044921875
0 0.466796875 0.1328125 0.087890625 0.05859375
0 0.505859375 0.298828125 0.03515625 0.029296875