0 0.546875 0.259765625 0.53125 0.08984375
0 0.498046875 0.283203125 0.798828125 0.12890625
0 0.63671875 0.349609375 0.541015625 0.0703125
0 0.537109375 0.388671875 0.49609375 0.0546875
0 0.564453125 0.431640625 0.49609375 0.064453125
0 0.56640625 0.505859375 0.5625 0.060546875
0 0.5625 0.58203125 0.626953125 0.091796875
0 0.71875 0.623046875 0.333984375 0.046875
0 0.69921875 0.677734375 0.6015625 0.09765625
0 0.54296875 0.70703125 0.50390625 0.119140625
0 0.2734375 0.724609375 0.169921875 0.09765625
0 0.78515625 0.748046875 0.197265625 0.072265625
0 0.58984375 0.8515625 0.525390625 0.154296875