0 0.740234375 0.537109375 0.203125 0.552734375
0 0.724609375 0.484375 0.296875 0.828125
0 0.63671875 0.615234375 0.185546875 0.556640625
0 0.61328125 0.51171875 0.158203125 0.509765625
0 0.568359375 0.533203125 0.171875 0.51171875
0 0.494140625 0.52734375 0.1796875 0.576171875
0 0.419921875 0.515625 0.22265625 0.6484375
0 0.353515625 0.666015625 0.1171875 0.345703125
0 0.302734375 0.638671875 0.22265625 0.625
0 0.298828125 0.48046875 0.224609375 0.533203125
0 0.328125 0.2109375 0.1328125 0.1953125
0 0.220703125 0.71875 0.11328125 0.21484375
0 0.1484375 0.51171875 0.26171875 0.564453125