0 0.626953125 0.328125 0.15234375 0.08984375
0 0.685546875 0.353515625 0.115234375 0.060546875
0 0.603515625 0.380859375 0.08203125 0.080078125
0 0.283203125 0.298828125 0.296875 0.1640625
0 0.201171875 0.33984375 0.1328125 0.103515625
0 0.755859375 0.490234375 0.384765625 0.31640625
0 0.33203125 0.38671875 0.138671875 0.072265625
0 0.19140625 0.37890625 0.1015625 0.07421875
0 0.671875 0.529296875 0.224609375 0.232421875
0 0.6328125 0.546875 0.22265625 0.265625
0 0.59765625 0.5625 0.20703125 0.283203125
0 0.5546875 0.556640625 0.20703125 0.287109375
0 0.5 0.548828125 0.173828125 0.275390625
0 0.873046875 0.72265625 0.25390625 0.162109375
0 0.3984375 0.810546875 0.369140625 0.22265625
0 0.267578125 0.904296875 0.126953125 0.103515625
0 0.67578125 0.263671875 0.201171875 0.09765625
0 0.681640625 0.298828125 0.203125 0.076171875
0 0.748046875 0.349609375 0.083984375 0.044921875