0 0.5625 0.296875 0.13671875 0.0546875
0 0.625 0.306640625 0.107421875 0.03515625
0 0.55078125 0.353515625 0.064453125 0.064453125
0 0.2265625 0.357421875 0.2734375 0.09765625
0 0.15234375 0.41796875 0.111328125 0.076171875
0 0.71875 0.421875 0.3203125 0.240234375
0 0.287109375 0.4296875 0.12890625 0.041015625
0 0.15234375 0.458984375 0.087890625 0.052734375
0 0.64453125 0.482421875 0.169921875 0.193359375
0 0.609375 0.51171875 0.158203125 0.23046875
0 0.580078125 0.533203125 0.134765625 0.25390625
0 0.5390625 0.5390625 0.1328125 0.259765625
0 0.48046875 0.546875 0.099609375 0.2578125
0 0.880859375 0.62109375 0.23828125 0.103515625
0 0.43359375 0.83203125 0.333984375 0.140625
0 0.326171875 0.955078125 0.10546875 0.078125
0 0.599609375 0.22265625 0.189453125 0.05078125
0 0.611328125 0.25390625 0.19921875 0.02734375
0 0.68359375 0.28515625 0.076171875 0.02734375