0 0.390625 0.3203125 0.150390625 0.6171875
0 0.421875 0.544921875 0.166015625 0.84375
0 0.45703125 0.189453125 0.126953125 0.36328125
0 0.462890625 0.36328125 0.126953125 0.62890625
0 0.48828125 0.169921875 0.0859375 0.337890625
0 0.5078125 0.6875 0.16796875 0.580078125
0 0.529296875 0.3046875 0.16015625 0.609375
0 0.552734375 0.15234375 0.09765625 0.3046875
0 0.55078125 0.59765625 0.09765625 0.166015625
0 0.595703125 0.26171875 0.12109375 0.5234375
0 0.689453125 0.41796875 0.193359375 0.8359375