0 0.66796875 0.419921875 0.61328125 0.091796875
0 0.439453125 0.46484375 0.83984375 0.087890625
0 0.794921875 0.478515625 0.357421875 0.09375
0 0.62109375 0.49609375 0.625 0.068359375
0 0.822265625 0.5078125 0.35546875 0.052734375
0 0.29296875 0.55859375 0.57421875 0.115234375
0 0.685546875 0.55859375 0.626953125 0.1015625
0 0.8359375 0.57421875 0.326171875 0.068359375
0 0.380859375 0.595703125 0.16015625 0.08203125
0 0.7265625 0.62109375 0.544921875 0.0703125
0 0.568359375 0.724609375 0.86328125 0.11328125