0 0.125 0.669921875 0.177734375 0.185546875
0 0.587890625 0.7265625 0.369140625 0.16015625
0 0.65234375 0.681640625 0.439453125 0.185546875
0 0.7421875 0.673828125 0.400390625 0.177734375
0 0.19140625 0.568359375 0.32421875 0.310546875
0 0.8125 0.62890625 0.373046875 0.232421875
0 0.330078125 0.541015625 0.1640625 0.185546875
0 0.876953125 0.58203125 0.244140625 0.21875
0 0.443359375 0.478515625 0.19921875 0.201171875
0 0.314453125 0.41796875 0.333984375 0.197265625
0 0.654296875 0.4453125 0.349609375 0.171875
0 0.873046875 0.4140625 0.12890625 0.126953125
0 0.55859375 0.357421875 0.1875 0.10546875
0 0.5078125 0.287109375 0.37890625 0.287109375
0 0.73828125 0.31640625 0.2109375 0.197265625
0 0.447265625 0.212890625 0.396484375 0.345703125
0 0.05859375 0.751953125 0.0234375 0.048828125