0 0.541015625 0.31640625 0.91796875 0.33203125
0 0.474609375 0.751953125 0.91015625 0.341796875
0 0.55078125 0.2421875 0.8984375 0.357421875
0 0.45703125 0.6640625 0.880859375 0.30859375
0 0.154296875 0.330078125 0.236328125 0.126953125
0 0.119140625 0.517578125 0.20703125 0.111328125
0 0.123046875 0.451171875 0.216796875 0.119140625
0 0.15625 0.267578125 0.208984375 0.111328125
0 0.125 0.3828125 0.201171875 0.111328125
0 0.85546875 0.572265625 0.265625 0.14453125
0 0.82421875 0.677734375 0.255859375 0.126953125
0 0.86328125 0.513671875 0.263671875 0.13671875
0 0.873046875 0.46484375 0.25390625 0.12890625
0 0.8359375 0.625 0.23828125 0.12890625
0 0.810546875 0.724609375 0.236328125 0.123046875