0 0.15625 0.376953125 0.173828125 0.296875
0 0.3515625 0.44140625 0.177734375 0.296875
0 0.544921875 0.494140625 0.171875 0.318359375
0 0.734375 0.55078125 0.189453125 0.3125
0 0.927734375 0.6015625 0.14453125 0.30078125
0 0.16015625 0.7421875 0.1796875 0.31640625
0 0.357421875 0.798828125 0.171875 0.294921875
0 0.55078125 0.857421875 0.181640625 0.28515625
0 0.75390625 0.880859375 0.171875 0.236328125
0 0.927734375 0.90234375 0.142578125 0.1953125
0 0.345703125 0.119140625 0.1640625 0.205078125
0 0.54296875 0.158203125 0.181640625 0.26953125
0 0.73828125 0.18359375 0.173828125 0.298828125
0 0.923828125 0.234375 0.15234375 0.310546875