0 0.849609375 0.357421875 0.158203125 0.28515625
0 0.654296875 0.41796875 0.162109375 0.28125
0 0.46484375 0.466796875 0.154296875 0.3046875
0 0.279296875 0.51953125 0.171875 0.296875
0 0.076171875 0.568359375 0.15234375 0.287109375
0 0.86328125 0.724609375 0.162109375 0.30078125
0 0.669921875 0.775390625 0.15625 0.28125
0 0.48046875 0.83203125 0.1640625 0.271484375
0 0.27734375 0.869140625 0.15625 0.26171875
0 0.087890625 0.888671875 0.16015625 0.220703125
0 0.642578125 0.095703125 0.154296875 0.19140625
0 0.44921875 0.1328125 0.166015625 0.255859375
0 0.25390625 0.150390625 0.15625 0.29296875
0 0.068359375 0.201171875 0.13671875 0.298828125