0 0.810546875 0.263671875 0.21875 0.3359375
0 0.609375 0.240234375 0.224609375 0.337890625
0 0.41015625 0.21484375 0.216796875 0.32421875
0 0.212890625 0.193359375 0.212890625 0.30078125
0 0.056640625 0.19921875 0.111328125 0.2421875
0 0.708984375 0.89453125 0.171875 0.2109375
0 0.515625 0.884765625 0.20703125 0.23046875
0 0.314453125 0.87890625 0.20703125 0.2421875
0 0.126953125 0.8515625 0.19921875 0.296875
0 0.865234375 0.6328125 0.220703125 0.349609375
0 0.6640625 0.59765625 0.22265625 0.34375
0 0.458984375 0.5625 0.232421875 0.357421875
0 0.2578125 0.548828125 0.212890625 0.322265625
0 0.083984375 0.505859375 0.16796875 0.32421875