0 0.86328125 0.732421875 0.1640625 0.29296875
0 0.66796875 0.779296875 0.16796875 0.29296875
0 0.474609375 0.828125 0.1640625 0.28125
0 0.279296875 0.87109375 0.1640625 0.2578125
0 0.083984375 0.890625 0.15625 0.20703125
0 0.640625 0.10546875 0.1328125 0.2109375
0 0.451171875 0.125 0.16015625 0.25
0 0.25 0.15234375 0.158203125 0.2734375
0 0.0703125 0.208984375 0.140625 0.310546875
0 0.849609375 0.36328125 0.162109375 0.306640625
0 0.65625 0.421875 0.1640625 0.298828125
0 0.45703125 0.48046875 0.17578125 0.3125
0 0.259765625 0.517578125 0.16015625 0.28125
0 0.078125 0.580078125 0.154296875 0.28515625